10,189
10,7
10,20
10,148
10,181
10,241
10,67
10,92
11,16
11,10
11,5
8,7
8,10
8,4
1222,3
1222,1
1075,4
1075,1
20,3
20,2
20,1
19,2
19,3
19,1
14,33
14,32
14,31
14,30
14,29
14,28
14,27
14,26
14,25
14,23
14,22
14,20
14,16
14,10
13,5
12,3
12,2
12,1
11,28
11,25
11,24
11,22
11,19
11,18
11,17
11,15
11,14
11,12
11,11
11,9
11,8
11,7
11,6
11,4
11,3
11,2
11,1
10,312
10,306
10,287
10,283
10,253
10,235
10,229
10,211
10,201
10,179
10,173
10,166
10,149
10,145
10,142
10,124
10,122
10,111
10,109
18,1
10,80
18,3
10,32
10,17
10,9
10,5
10,3
10,2
14,1
10,1
9,7
14,9
9,6
9,5
14,3
9,4
9,3
13,1
13,4
9,2
13,3
9,1
8,18
8,17
8,16
8,14
8,13
8,11
8,9
8,8
8,6
8,5
8,3
8,2
8,1
3,3
3,2
3,1
